I30 I14 I13 I12 I6 I5 I4 | ALU_Ctrl3 ALU_Ctrl2 ALU_Ctrl1 ALU_Ctrl0 ALU_Src
~~~~~~~~~~~~~~~~~~~~~~~~~~~~~~~~~~~~~~~~~~~~~~~~~~~~~~~~~~~~~~~~~~~~~~~~~~
 0   1   1   1  0  1  1  |     0         0         0         0        0   
 0   1   1   0  0  1  1  |     0         0         0         1        0   
 0   1   0   0  0  1  1  |     0         0         1         0        0   
 0   0   0   0  0  1  1  |     0         0         1         1        0   
 1   0   0   0  0  1  1  |     0         1         1         1        0   
 x   1   1   1  0  0  1  |     0         0         0         0        1   
 x   1   1   0  0  0  1  |     0         0         0         1        1   
 x   1   0   0  0  0  1  |     0         0         1         0        1   
 x   0   0   0  0  0  1  |     0         0         1         1        1   
 x   0   1   0  0  0  0  |     0         0         1         1        1   
 x   0   1   0  0  1  0  |     0         0         1         1        1   